0000000000001010
0000000000010100
0000000000000000
0000000000000001
0000000000000000
0000000000000000
0000000000000000
0000000000000000
0000000011111111
0101010101010101
0000000011111111
0101010101010101
0000000011111111
0101010101010101
0000000011111111
0101010101010101
0000000011111111
0101010101010101
0000000011111111
0101010101010101
0000000011111111
0101010101010101
0000000011111111
0101010101010101
0000000011111111
0101010101010101
0000000011111111
0101010101010101
0000000011111111
0101010101010101
0000000011111111
0101010101010101
0000000011111111
0101010101010101
0000000011111111
0101010101010101
0000000011111111
0101010101010101
0000000011111111
0101010101010101
0000000011111111
0101010101010101
0000000011111111
0101010101010101
0000000011111111
0101010101010101
0000000011111111
0101010101010101
0000000011111111
0101010101010101
0000000011111111
0101010101010101
0000000011111111
0101010101010101
0000000011111111
0101010101010101
0000000011111111
0101010101010101
0000000011111111
0101010101010101
0000000011111111
0101010101010101
0000000011111111
0101010101010101
0000000011111111
0101010101010101
0000000011111111
0101010101010101
0000000011111111
0101010101010101
0000000011111111
0101010101010101
0000000011111111
0101010101010101
0000000011111111
0101010101010101
0000000011111111
0101010101010101
0000000011111111
0101010101010101
0000000011111111
0101010101010101
0000000011111111
0101010101010101
0000000011111111
0101010101010101
0000000011111111
0101010101010101
0000000011111111
0101010101010101
0000000011111111
0101010101010101
0000000011111111
0101010101010101
0000000011111111
0101010101010101
0000000011111111
0101010101010101
0000000011111111
0101010101010101
0000000011111111
0101010101010101
0000000011111111
0101010101010101
0000000011111111
0101010101010101
0000000011111111
0101010101010101
