0000001111101111
0000000001000000
0000000000000000
1111000011110000
0000000000000000
0000000000000000
0000000000000000
0000000000000000
0110011001100110
1100110011001100
1001100110011001
0011001100110011
0110011001100110
1100110011001100
1001100110011001
0011001100110011
0110011001100110
1100110011001100
1001100110011001
0011001100110011
0110011001100110
1100110011001100
1001100110011001
0011001100110011
0110011001100110
1100110011001100
1001100110011001
0011001100110011
0110011001100110
1100110011001100
1001100110011001
0011001100110011
0110011001100110
1100110011001100
1001100110011001
0011001100110011
0110011001100110
1100110011001100
1001100110011001
0011001100110011
0110011001100110
1100110011001100
1001100110011001
0011001100110011
0110011001100110
1100110011001100
1001100110011001
0011001100110011
0110011001100110
1100110011001100
1001100110011001
0011001100110011
0110011001100110
1100110011001100
1001100110011001
0011001100110011
0110011001100110
1100110011001100
1001100110011001
0011001100110011
0110011001100110
1100110011001100
1001100110011001
0011001100110011
0110011001100110
1100110011001100
1001100110011001
0011001100110011
0110011001100110
1100110011001100
1001100110011001
0011001100110011
0110011001100110
1100110011001100
1001100110011001
0011001100110011
0110011001100110
1100110011001100
1001100110011001
0011001100110011
0110011001100110
1100110011001100
1001100110011001
0011001100110011
0110011001100110
1100110011001100
1001100110011001
0011001100110011
0110011001100110
1100110011001100
1001100110011001
0011001100110011
0110011001100110
1100110011001100
1001100110011001
0011001100110011
0110011001100110
1100110011001100
1001100110011001
0011001100110011
0110011001100110
1100110011001100
1001100110011001
0011001100110011
0110011001100110
1100110011001100
1001100110011001
0011001100110011
