0000000000001001
0000000000010001
0000000000001011
0000000000000000
0000000000001010
0000000000000111
0000000001101100
0000000001101100
-000111101111111
-000111101111110
-000111101111101
-000111101111100
-000111101111011
-000111101111010
-000111101111001
-000111101111000
-000111101110111
-000111101110110
-000111101110101
-000111101110100
-000111101110011
-000111101110010
-000111101110001
-000111101110000
-000111101101111
-000111101101110
-000111101101101
-000111101101100
-000111101101011
-000111101101010
-000111101101001
-000111101101000
-000111101100111
-000111101100110
-000111101100101
-000111101100100
-000111101100011
-000111101100010
-000111101100001
-000111101100000
-000111101011111
-000111101011110
-000111101011101
-000111101011100
-000111101011011
-000111101011010
-000111101011001
-000111101011000
-000111101010111
-000111101010110
-000111101010101
-000111101010100
-000111101010011
-000111101010010
-000111101010001
-000111101010000
-000111101001111
-000111101001110
-000111101001101
-000111101001100
-000111101001011
-000111101001010
-000111101001001
-000111101001000
-000111101000111
-000111101000110
-000111101000101
-000111101000100
-000111101000011
-000111101000010
-000111101000001
-000111101000000
-000111100111111
-000111100111110
-000111100111101
-000111100111100
-000111100111011
-000111100111010
-000111100111001
-000111100111000
-000111100110111
-000111100110110
-000111100110101
-000111100110100
-000111100110011
-000111100110010
-000111100110001
-000111100110000
-000111100101111
-000111100101110
-000111100101101
-000111100101100
-000111100101011
-000111100101010
-000111100101001
-000111100101000
-000111100100111
-000111100100110
-000111100100101
-000111100100100
-000111100100011
-000111100100010
-000111100100001
-000111100100000
-000111100011111
-000111100011110
-000111100011101
-000111100011100
