0000001111101111
0000000001000000
0000000000000000
-000111100010000
0000000000001000
0000000001100100
0000000001101100
0000000001101100
0110011001100110
-011001100110100
-110011001100111
0011001100110011
0110011001100110
-011001100110100
-110011001100111
0011001100110011
0110011001100110
-011001100110100
-110011001100111
0011001100110011
0110011001100110
-011001100110100
-110011001100111
0011001100110011
0110011001100110
-011001100110100
-110011001100111
0011001100110011
0110011001100110
-011001100110100
-110011001100111
0011001100110011
0110011001100110
-011001100110100
-110011001100111
0011001100110011
0110011001100110
-011001100110100
-110011001100111
0011001100110011
0110011001100110
-011001100110100
-110011001100111
0011001100110011
0110011001100110
-011001100110100
-110011001100111
0011001100110011
0110011001100110
-011001100110100
-110011001100111
0011001100110011
0110011001100110
-011001100110100
-110011001100111
0011001100110011
0110011001100110
-011001100110100
-110011001100111
0011001100110011
0110011001100110
-011001100110100
-110011001100111
0011001100110011
0110011001100110
-011001100110100
-110011001100111
0011001100110011
0110011001100110
-011001100110100
-110011001100111
0011001100110011
0110011001100110
-011001100110100
-110011001100111
0011001100110011
0110011001100110
-011001100110100
-110011001100111
0011001100110011
0110011001100110
-011001100110100
-110011001100111
0011001100110011
0110011001100110
-011001100110100
-110011001100111
0011001100110011
0110011001100110
-011001100110100
-110011001100111
0011001100110011
0110011001100110
-011001100110100
-110011001100111
0011001100110011
0110011001100110
-011001100110100
-110011001100111
0011001100110011
0110011001100110
-011001100110100
-110011001100111
0011001100110011
0110011001100110
-011001100110100
-110011001100111
0011001100110011
