0000000000001010
0000000000010100
0000000000010000
0000000000000001
0000000000001001
0000000000110010
0000000001101100
0000000001101100
-000000100000000
0101010101010101
-000000100000000
0101010101010101
-000000100000000
0101010101010101
-000000100000000
0101010101010101
-000000100000000
0101010101010101
-000000100000000
0101010101010101
-000000100000000
0101010101010101
-000000100000000
0101010101010101
-000000100000000
0101010101010101
-000000100000000
0101010101010101
-000000100000000
0101010101010101
-000000100000000
0101010101010101
-000000100000000
0101010101010101
-000000100000000
0101010101010101
-000000100000000
0101010101010101
-000000100000000
0101010101010101
-000000100000000
0101010101010101
-000000100000000
0101010101010101
-000000100000000
0101010101010101
-000000100000000
0101010101010101
-000000100000000
0101010101010101
-000000100000000
0101010101010101
-000000100000000
0101010101010101
-000000100000000
0101010101010101
-000000100000000
0101010101010101
-000000100000000
0101010101010101
-000000100000000
0101010101010101
-000000100000000
0101010101010101
-000000100000000
0101010101010101
-000000100000000
0101010101010101
-000000100000000
0101010101010101
-000000100000000
0101010101010101
-000000100000000
0101010101010101
-000000100000000
0101010101010101
-000000100000000
0101010101010101
-000000100000000
0101010101010101
-000000100000000
0101010101010101
-000000100000000
0101010101010101
-000000100000000
0101010101010101
-000000100000000
0101010101010101
-000000100000000
0101010101010101
-000000100000000
0101010101010101
-000000100000000
0101010101010101
-000000100000000
0101010101010101
-000000100000000
0101010101010101
-000000100000000
0101010101010101
-000000100000000
0101010101010101
-000000100000000
0101010101010101
-000000100000000
0101010101010101
-000000100000000
0101010101010101
